2:41:14 PM Monday, September 19, 2011
46V at stage
stage sn = 2502


10C to 160C test1


1,10.0
2,21.5
3,30.6
4,39.7
5,46.3
6,53.1
7,59.3
8,65.7
9,71.2
10,76.4
11,81.2
12,85.7
13,90.7
14,94.9
15,99.2
16,102.4
17,106.3
18,109.7
19,113.0
20,116.1
21,118.9
22,122.0
23,124.7
24,127.5
25,130.0
26,132.2
27,134.7
28,136.9
29,138.9
30,140.9
31,142.9
32,144.7
33,146.5
34,148.1
35,149.7
36,151.2
37,152.4
38,153.5
39,154.7
40,155.9
41,157.2
42,158.3
43,159.2
44,159.8
45,160.1
46,160.4
47,160.5
48,160.5
49,160.5
50,160.4
51,160.3
52,160.3
53,160.2
54,160.2
55,160.2
56,160.2
57,160.2
58,160.2
59,160.1
60,160.1
61,160.1
62,160.1
63,160.1
64,160.0


160C-10C test1

1,160.1
2,159.9
3,159.1
4,155.4
5,150.9
6,146.2
7,141.8
8,137.3
9,133.4
10,129.6
11,126.1
12,120.5
13,119.2
14,116.0
15,113.0
16,110.1
17,107.0
18,104.0
19,101.4
20,98.8
21,96.3
22,93.9
23,91.3
24,89.0
25,86.8
26,84.7
27,82.6
28,80.3
29,78.3
30,76.4
31,74.5
32,72.5
33,70.7
34,69.0
35,67.4
36,65.8
37,64.0
38,62.4
39,61.0
40,59.5
41,57.9
42,56.5
43,55.2
44,53.9
45,52.6
46,51.2
47,50.0
48,48.6
49,47.6
50,46.5
51,45.2
52,44.0
53,43.1
54,42.1
55,41.0
56,40.0
57,39.1
58,38.2
59,37.3
60,36.3
61,35.4
62,34.6
63,33.8
64,32.9
65,32.2
66,31.4
67,30.7
68,30.0
69,29.2
70,28.5
71,27.9
72,27.3
73,26.6
74,25.9
75,25.3
76,24.8
77,24.2
78,23.7
79,23.0
80,22.5
81,22.1
82,21.6
83,21.0
84,20.5
85,20.1
86,19.7
87,19.2
88,18.8
89,18.3
90,17.9
91,17.6
92,17.1
93,16.7
94,16.4
95,16.0
96,15.7
97,15.3
98,15.0
99,14.7
100,14.4
101,14.1
102,13.7
103,13.5
104,13.2
105,12.9
106,12.6
107,12.4
108,12.1
109,11.9
110,11.7
111,11.4
112,11.2
113,11.0
114,10.8
115,10.6
116,10.4
117,10.2
118,10.1
119,10.0


10C to 160C test2


1,10.0
2,21.3
3,30.0
4,38.2
5,45.7
6,53.4
7,59.5
8,65.5
9,71.0
10,76.1
11,80.9
12,86.1
13,90.6
14,94.8
15,98.6
16,102.7
17,106.3
18,109.7
19,113.0
20,115.9
21,119.2
22,122.1
23,124.8
24,127.4
25,130.0
26,132.4
27,134.7
28,136.9
29,139.0
30,141.1
31,142.7
32,144.5
33,146.2
34,148.2
35,149.3
36,150.9
37,152
38,153.1
39,154.5
40,155.5
41,157.1
42,158
43,158.9
44,159.5
45,160
46,160.2
47,160.3
48,160.3
49,160.3
50,160.3
51,160.3
52,160.2
53,160.2
54,160.2
55,160.2
56,160.1
57,160.1
58,160.1
59,160.1
60,160




160C to 10c test2



1,160.0
2,152.6
3,149.4
4,144.8
5,140.5
6,136.0
7,132.2
8,126.7
9,125.2
10,121.5
11,118.3
12,115.3
13,112.4
14,109.6
15,106.5
16,103.8
17,101.2
18,98.8
19,96.3
20,93.7
21,91.3
22,89.1
23,87.0
24,84.6
25,82.5
26,80.5
27,78.6
28,76.7
29,74.6
30,72.4
31,71.1
32,69.4
33,67.6
34,66.0
35,64.4
36,62.9
37,61.5
38,59.8
39,58.4
40,56.9
41,55.7
42,54.4
43,53.0
44,51.8
45,50.5
46,49.4
47,48.2
48,46.9
49,45.9
50,44.8
51,43.8
52,42.7
53,41.6
54,40.6
55,39.7
56,38.8
57,37.8
58,36.9
59,36.1
60,35.3
61,34.5
62,33.6
63,32.8
64,32.1
65,31.4
66,30.6
67,29.9
68,29.2
69,28.6
70,28.0
71,27.2
72,26.7
73,26.1
74,25.5
75,24.9
76,24.3
77,23.8
78,23.3
79,22.8
80,22.2
81,21.8
82,21.3
83,20.9
84,20.4
85,19.9
86,19.5
87,19.1
88,18.8
89,18.3
90,17.9
91,17.6
92,17.2
93,16.9
94,16.5
95,16.1
96,15.8
97,15.5
98,15.2
99,14.9
100,14.5
101,14.3
102,14.1
103,13.7
104,13.4
105,13.2
106,13.0
107,12.7
108,12.5
109,12.2
110,12.0
111,11.8
112,11.6
113,11.4
114,11.2
115,11.0
116,10.8
117,10.6
118,10.4
119,10.3
120,10.1
121,10.0




10C-160C test3



1,10.0
2,22.6
3,27.5
4,32.9
5,41.1
6,48.5
7,55.3
8,61.4
9,67.6
10,73.1
11,78.2
12,83.0
13,87.5
14,92.3
15,96.4
16,100.4
17,104.0
18,107.8
19,111.2
20,114.4
21,117.5
22,121.3
23,123.4
24,126.1
25,128.6
26,131.0
27,133.5
28,135.7
29,137.9
30,140.0
31,141.9
32,144.1
33,145.7
34,147.5
35,149.2
36,150.6
37,152.0
38,153.1
39,154.4
40,155.6
41,157.0
42,158.3
43,159.0
44,159.7
45,160.0


160C-10C test3


1,160.0
2,152.7
3,151.1
4,148.4
5,146.4
6,141.4
7,137.2
8,133.3
9,129.3
10,125.8
11,122.1
12,118.9
13,115.8
14,112.8
15,108.7
16,106.8
17,104.1
18,101.6
19,99.1
20,96.3
21,93.9
22,91.6
23,89.4
24,87.1
25,84.7
26,82.6
27,80.6
28,78.7
29,76.5
30,74.6
31,72.8
32,71.1
33,69.4
34,67.6
35,66.0
36,64.4
37,62.9
38,61.2
39,59.8
40,58.4
41,57.0
42,55.7
43,54.1
44,52.9
45,51.7
46,50.5
47,49.3
48,48.0
49,46.9
50,45.8
51,44.8
52,43.7
53,42.6
54,41.6
55,40.5
56,39.7
57,38.7
58,37.8
59,36.9
60,36.1
61,35.3
62,34.4
63,33.6
64,32.8
65,32.1
66,31.2
67,30.5
68,29.9
69,29.2
70,28.6
71,27.8
72,27.2
73,26.6
74,26.1
75,25.5
76,24.8
77,24.3
78,23.8
79,23.3
80,22.7
81,22.2
82,21.7
83,21.3
84,20.8
85,20.3
86,19.9
87,19.5
88,19.1
89,18.6
90,18.2
91,17.9
92,17.5
93,17.1
94,16.7
95,16.4
96,16.1
97,15.7
98,15.4
99,15.1
100,14.8
101,14.5
102,14.2
103,13.9
104,13.6
105,13.4
106,13.1
107,12.9
108,12.6
109,12.4
110,12.2
111,11.9
112,11.7
113,11.5
114,11.3
115,11.1
116,10.9
117,10.7
118,10.5
119,10.4
120,10.2
121,10.1
122,9.9
123,9.8
124,9.8
125,9.7
126,9.7
127,9.6
128,9.6
129,9.6
130,9.6
131,9.6
132,9.6
133,9.6
134,9.7
135,9.7
136,9.7
137,9.7
138,9.8
139,9.8
140,9.8
141,9.8
142,9.9
143,9.9
144,10.0
